0.000000 -0.006199
0.008334 -0.006199
0.016669 0.002265
0.025003 -0.003397
0.033337 -0.011742
0.041672 -0.003457
0.050006 -0.010252
0.058340 -0.007987
0.066674 -0.009775
0.075009 -0.013471
0.083343 -0.012934
0.091677 -0.007153
0.100012 -0.009298
0.108346 -0.010788
0.116680 -0.011861
0.125015 -0.012577
0.133349 -0.010669
0.141683 -0.016391
0.150018 -0.008345
0.158352 -0.010312
0.166686 -0.012338
0.175020 -0.011444
0.183355 -0.018120
0.191689 -0.012755
0.200023 -0.016034
0.208358 -0.009954
0.216692 -0.010669
0.225026 -0.012934
0.233361 -0.016272
0.241695 -0.018120
0.250029 -0.016272
0.258363 -0.012100
0.266698 -0.019073
0.275032 -0.027001
0.283366 -0.021994
0.291701 -0.027299
0.300035 -0.020921
0.308369 -0.021338
0.316704 -0.025451
0.325038 -0.023961
0.333372 -0.022531
0.341707 -0.023782
0.350041 -0.018299
0.358375 -0.014722
0.366709 -0.025868
0.375044 -0.025094
0.383378 -0.021815
0.391712 -0.021398
0.400047 -0.024796
0.408381 -0.026047
0.416715 -0.024498
0.425050 -0.025570
0.433384 -0.026286
0.441718 -0.022769
0.450053 -0.028670
0.458387 -0.024915
0.466721 -0.027001
0.475055 -0.031769
0.483390 -0.027299
0.491724 -0.028074
0.500058 -0.024259
0.508393 -0.027657
0.516727 -0.030160
0.525061 -0.030637
0.533396 -0.030875
0.541730 -0.031352
0.550064 -0.032842
0.558399 -0.024378
0.566733 -0.021398
0.575067 -0.023007
0.583401 -0.027776
0.591736 -0.035644
0.600070 -0.038862
0.608404 -0.034511
0.616739 -0.038922
0.625073 -0.041306
0.633407 -0.035048
0.641742 -0.035346
0.650076 -0.031769
0.658410 -0.030637
0.666744 -0.036061
0.675079 -0.030875
0.683413 -0.036240
0.691747 -0.039816
0.700082 -0.037730
0.708416 -0.039101
0.716750 -0.036120
0.725085 -0.036120
0.733419 -0.028372
0.741753 -0.037909
0.750088 -0.031769
0.758422 -0.034451
0.766756 -0.035882
0.775090 -0.038624
0.783425 -0.032961
0.791759 -0.022888
0.800093 -0.029087
0.808428 -0.024199
0.816762 -0.029087
0.825096 -0.033617
0.833431 -0.035942
0.841765 -0.036299
0.850099 -0.031888
0.858434 -0.032604
0.866768 -0.041008
0.875102 -0.035942
0.883436 -0.035167
0.891771 -0.044763
0.900105 -0.037134
0.908439 -0.044584
0.916774 -0.033140
0.925108 -0.028551
0.933442 -0.035644
0.941777 -0.035703
0.950111 -0.035048
0.958445 -0.041008
0.966780 -0.041604
0.975114 -0.042021
0.983448 -0.041306
0.991782 -0.039995
1.000117 -0.044227
1.008451 -0.038207
1.016785 -0.043213
1.025120 -0.047147
1.033454 -0.045359
1.041788 -0.045955
1.050123 -0.049174
1.058457 -0.057042
1.066791 -0.051916
1.075125 -0.052273
1.083460 -0.051916
1.091794 -0.049949
1.100128 -0.053287
1.108463 -0.052154
1.116797 -0.051916
1.125131 -0.046849
1.133466 -0.042498
1.141800 -0.050306
1.150134 -0.048995
1.158469 -0.052750
1.166803 -0.052273
1.175137 -0.054717
1.183471 -0.052750
1.191806 -0.054181
1.200140 -0.052631
1.208474 -0.052154
1.216809 -0.056565
1.225143 -0.057399
1.233477 -0.056982
1.241812 -0.051081
1.250146 -0.048637
1.258480 -0.053108
1.266815 -0.058651
1.275149 -0.055075
1.283483 -0.047684
1.291817 -0.047684
1.300152 -0.058115
1.308486 -0.058293
1.316820 -0.057399
1.325155 -0.056565
1.333489 -0.054240
1.341823 -0.057280
1.350158 -0.053823
1.358492 -0.056565
1.366826 -0.058293
1.375161 -0.056922
1.383495 -0.060856
1.391829 -0.059843
1.400163 -0.063598
1.408498 -0.063062
1.416832 -0.059187
1.425166 -0.061929
1.433501 -0.060856
1.441835 -0.060081
1.450169 -0.062168
1.458504 -0.056028
1.466838 -0.065446
1.475172 -0.066459
1.483506 -0.063062
1.491841 -0.055492
1.500175 -0.058770
1.508509 -0.064731
1.516844 -0.069201
1.525178 -0.061929
1.533512 -0.067532
1.541847 -0.062644
1.550181 -0.064611
1.558515 -0.064552
1.566850 -0.066221
1.575184 -0.065863
1.583518 -0.065267
1.591852 -0.062943
1.600187 -0.067949
1.608521 -0.067949
1.616855 -0.067413
1.625190 -0.065565
1.633524 -0.071585
1.641858 -0.064969
1.650193 -0.069916
1.658527 -0.074983
1.666861 -0.067055
1.675196 -0.064373
1.683530 -0.070691
1.691864 -0.072896
1.700198 -0.070632
1.708533 -0.078082
1.716867 -0.073910
1.725201 -0.071704
1.733536 -0.066996
1.741870 -0.067830
1.750204 -0.069201
1.758539 -0.071228
1.766873 -0.072718
1.775207 -0.075221
1.783541 -0.071585
1.791876 -0.074744
1.800210 -0.078559
1.808544 -0.079870
1.816879 -0.074029
1.825213 -0.072837
1.833547 -0.069857
1.841882 -0.073373
1.850216 -0.077307
1.858550 -0.082433
1.866885 -0.080109
1.875219 -0.086963
1.883553 -0.087321
1.891887 -0.081182
1.900222 -0.083923
1.908556 -0.076056
1.916890 -0.078559
1.925225 -0.084639
1.933559 -0.088096
1.941893 -0.089407
1.950228 -0.087321
1.958562 -0.086427
1.966896 -0.086188
1.975231 -0.087202
1.983565 -0.084400
1.991899 -0.086546
2.000233 -0.082135
2.008568 -0.087082
2.016902 -0.085354
2.025236 -0.087202
2.033571 -0.087917
2.041905 -0.082672
2.050239 -0.086188
2.058574 -0.090480
2.066908 -0.089526
2.075242 -0.091016
2.083577 -0.094652
2.091911 -0.092328
2.100245 -0.083566
2.108579 -0.090122
2.116914 -0.089705
2.125248 -0.089288
2.133582 -0.090003
2.141917 -0.093877
2.150251 -0.091136
2.158585 -0.091016
2.166920 -0.085831
2.175254 -0.092566
2.183588 -0.087500
2.191922 -0.090301
2.200257 -0.087202
2.208591 -0.085294
2.216925 -0.090241
2.225260 -0.087082
2.233594 -0.090599
2.241928 -0.082672
2.250263 -0.080943
2.258597 -0.085473
2.266931 -0.089109
2.275266 -0.086963
2.283600 -0.085950
2.291934 -0.087738
2.300268 -0.096202
2.308603 -0.095010
2.316937 -0.093400
2.325271 -0.087500
2.333606 -0.098348
2.341940 -0.092387
2.350274 -0.093520
2.358609 -0.088155
2.366943 -0.095725
2.375277 -0.092089
2.383612 -0.093818
2.391946 -0.093162
2.400280 -0.096381
2.408614 -0.087321
2.416949 -0.089884
2.425283 -0.091851
2.433617 -0.094175
2.441952 -0.095963
2.450286 -0.092864
2.458620 -0.091374
2.466955 -0.084996
2.475289 -0.088394
2.483623 -0.092149
2.491958 -0.088334
2.500292 -0.094771
2.508626 -0.093043
2.516960 -0.091493
2.525295 -0.094175
2.533629 -0.092089
2.541963 -0.095665
2.550298 -0.099242
2.558632 -0.094473
2.566966 -0.097334
2.575301 -0.094473
2.583635 -0.093400
2.591969 -0.097871
2.600303 -0.093579
2.608638 -0.094771
2.616972 -0.091970
2.625306 -0.099778
2.633641 -0.104487
2.641975 -0.096858
2.650309 -0.099897
2.658644 -0.102460
2.666978 -0.099957
2.675312 -0.098944
2.683647 -0.100255
2.691981 -0.096142
2.700315 -0.103116
2.708649 -0.093043
2.716984 -0.100255
2.725318 -0.100136
2.733652 -0.099242
2.741987 -0.095487
2.750321 -0.092328
2.758655 -0.093162
2.766990 -0.099361
2.775324 -0.094771
2.783658 -0.104427
2.791993 -0.102341
2.800327 -0.098765
2.808661 -0.101566
2.816995 -0.103951
2.825330 -0.099540
2.833664 -0.098288
2.841998 -0.100076
2.850333 -0.103235
2.858667 -0.102222
2.867001 -0.106096
2.875336 -0.106215
2.883670 -0.102222
2.892004 -0.105500
2.900339 -0.099719
2.908673 -0.105321
2.917007 -0.098646
2.925341 -0.107586
2.933676 -0.107884
2.942010 -0.105381
2.950344 -0.102043
2.958679 -0.102699
2.967013 -0.109434
2.975347 -0.112295
2.983682 -0.105202
2.992016 -0.109434
3.000350 -0.111341
3.008684 -0.107884
3.017019 -0.111520
3.025353 -0.103951
3.033687 -0.097632
3.042022 -0.107348
3.050356 -0.106812
3.058690 -0.106633
3.067025 -0.109792
3.075359 -0.116646
3.083693 -0.114679
3.092028 -0.118434
3.100362 -0.118434
3.108696 -0.117481
3.117030 -0.110984
3.125365 -0.110388
3.133699 -0.108302
3.142033 -0.109792
3.150368 -0.106335
3.158702 -0.110984
3.167036 -0.113785
3.175371 -0.112355
3.183705 -0.113189
3.192039 -0.110269
3.200374 -0.110984
3.208708 -0.115275
3.217042 -0.110269
3.225376 -0.109017
3.233711 -0.112295
3.242045 -0.105679
3.250379 -0.107110
3.258714 -0.107527
3.267048 -0.109792
3.275382 -0.110984
3.283717 -0.108480
3.292051 -0.112712
3.300385 -0.108957
3.308720 -0.103772
3.317054 -0.110507
3.325388 -0.109196
3.333722 -0.114560
3.342057 -0.109375
3.350391 -0.110149
3.358725 -0.115156
3.367060 -0.110865
3.375394 -0.109494
3.383728 -0.114083
3.392063 -0.119805
3.400397 -0.110984
3.408731 -0.110984
3.417065 -0.107288
3.425400 -0.120163
3.433734 -0.115395
3.442068 -0.116527
3.450403 -0.120401
3.458737 -0.120342
3.467071 -0.120342
3.475406 -0.119030
3.483740 -0.125647
3.492074 -0.124872
3.500409 -0.122607
3.508743 -0.119746
3.517077 -0.119805
3.525411 -0.119925
3.533746 -0.118911
3.542080 -0.118852
3.550414 -0.120282
3.558749 -0.117838
3.567083 -0.124931
3.575417 -0.124872
3.583752 -0.118256
3.592086 -0.113428
3.600420 -0.118554
3.608755 -0.117719
3.617089 -0.124872
3.625423 -0.121772
3.633757 -0.115931
3.642092 -0.118554
3.650426 -0.115573
3.658760 -0.116289
3.667095 -0.117362
3.675429 -0.117838
3.683763 -0.118077
3.692098 -0.112951
3.700432 -0.117660
3.708766 -0.113070
3.717101 -0.115871
3.725435 -0.111163
3.733769 -0.118017
3.742103 -0.115156
3.750438 -0.122011
3.758772 -0.121117
3.767106 -0.124097
3.775441 -0.121057
3.783775 -0.121117
3.792109 -0.121295
3.800444 -0.123084
3.808778 -0.126064
3.817112 -0.123620
3.825446 -0.123918
3.833781 -0.121415
3.842115 -0.118911
3.850449 -0.121951
3.858784 -0.117064
3.867118 -0.112236
3.875452 -0.107706
3.883787 -0.114143
3.892121 -0.118911
3.900455 -0.122488
3.908790 -0.116587
3.917124 -0.124097
3.925458 -0.119448
3.933792 -0.113785
3.942127 -0.117362
3.950461 -0.116110
3.958795 -0.111580
3.967130 -0.120640
3.975464 -0.126123
3.983798 -0.123799
3.992133 -0.130534
4.000467 -0.118554
4.008801 -0.122488
4.017136 -0.126243
4.025470 -0.132084
4.033804 -0.129819
4.042138 -0.131190
4.050473 -0.124097
4.058807 -0.126779
4.067141 -0.128686
4.075476 -0.126243
4.083810 -0.123918
4.092144 -0.121951
4.100479 -0.118852
4.108813 -0.117362
4.117147 -0.118256
4.125482 -0.122130
4.133816 -0.113964
4.142150 -0.117660
4.150484 -0.126600
4.158819 -0.121415
4.167153 -0.115931
4.175487 -0.115931
4.183822 -0.117838
4.192156 -0.113189
4.200490 -0.112534
4.208825 -0.120640
4.217159 -0.118673
4.225493 -0.120819
4.233827 -0.115275
4.242162 -0.120819
4.250496 -0.119150
4.258830 -0.119925
4.267165 -0.119448
4.275499 -0.117838
4.283833 -0.111103
4.292168 -0.118375
4.300502 -0.123203
4.308836 -0.123978
4.317171 -0.125527
4.325505 -0.124156
4.333839 -0.120163
4.342173 -0.125766
4.350508 -0.121415
4.358842 -0.121534
4.367176 -0.118673
4.375511 -0.120759
4.383845 -0.127196
4.392179 -0.128090
4.400514 -0.123084
4.408848 -0.126064
4.417182 -0.127494
4.425517 -0.127733
4.433851 -0.127971
4.442185 -0.121534
4.450519 -0.122726
4.458854 -0.125527
4.467188 -0.126958
4.475522 -0.125587
4.483857 -0.121117
4.492191 -0.130355
4.500525 -0.139236
4.508860 -0.134647
4.517194 -0.136912
4.525528 -0.140488
4.533863 -0.136256
4.542197 -0.134051
4.550531 -0.135958
4.558865 -0.135243
4.567200 -0.141740
4.575534 -0.132978
4.583868 -0.133276
4.592203 -0.132978
4.600537 -0.134587
4.608871 -0.132263
4.617206 -0.127733
4.625540 -0.124574
4.633874 -0.125825
4.642208 -0.131190
4.650543 -0.125766
4.658877 -0.126064
4.667211 -0.131965
4.675546 -0.135064
4.683880 -0.135064
4.692214 -0.135303
4.700549 -0.136018
4.708883 -0.131726
4.717217 -0.134051
4.725552 -0.138223
4.733886 -0.132263
4.742220 -0.129580
4.750554 -0.141025
4.758889 -0.134766
4.767223 -0.125647
4.775557 -0.125527
4.783892 -0.126302
4.792226 -0.127614
4.800560 -0.132084
4.808895 -0.131547
4.817229 -0.133574
4.825563 -0.138342
4.833898 -0.136912
4.842232 -0.139058
4.850566 -0.137150
4.858900 -0.133872
4.867235 -0.142515
4.875569 -0.140250
4.883903 -0.142694
4.892238 -0.137329
4.900572 -0.133812
4.908906 -0.140905
4.917241 -0.136137
4.925575 -0.133276
4.933909 -0.135660
4.942243 -0.131786
4.950578 -0.132918
4.958912 -0.138104
4.967246 -0.140905
4.975581 -0.142336
4.983915 -0.137210
4.992249 -0.139296
5.000584 -0.137448
5.008918 -0.133574
5.017252 -0.130057
5.025587 -0.127256
5.033921 -0.125408
5.042255 -0.134945
5.050589 -0.133872
5.058924 -0.132740
5.067258 -0.132442
5.075592 -0.134349
5.083927 -0.135660
5.092261 -0.137150
5.100595 -0.132501
5.108930 -0.138044
5.117264 -0.132918
5.125598 -0.136316
5.133933 -0.136912
5.142267 -0.138760
5.150601 -0.141382
5.158935 -0.139594
5.167270 -0.137389
5.175604 -0.142813
5.183938 -0.143707
5.192273 -0.142336
5.200607 -0.136256
5.208941 -0.131369
5.217276 -0.137448
5.225610 -0.138640
5.233944 -0.144184
5.242279 -0.141263
5.250613 -0.143349
5.258947 -0.140786
5.267281 -0.138462
5.275616 -0.139892
5.283950 -0.140905
5.292284 -0.136614
5.300619 -0.137687
5.308953 -0.145018
5.317287 -0.138760
5.325622 -0.140786
5.333956 -0.141382
5.342290 -0.144303
5.350624 -0.144899
5.358959 -0.141263
5.367293 -0.142634
5.375627 -0.140250
5.383962 -0.143468
5.392296 -0.139892
5.400630 -0.140905
5.408965 -0.143468
5.417299 -0.143588
5.425633 -0.147760
5.433968 -0.144482
5.442302 -0.144303
5.450636 -0.141263
5.458970 -0.139713
5.467305 -0.141203
5.475639 -0.145316
5.483973 -0.148058
5.492308 -0.139058
5.500642 -0.143170
5.508976 -0.141621
5.517311 -0.138938
5.525645 -0.151038
5.533979 -0.147402
5.542314 -0.141740
5.550648 -0.144482
5.558982 -0.147760
5.567316 -0.147998
5.575651 -0.149727
5.583985 -0.151753
5.592319 -0.147104
5.600654 -0.143886
5.608988 -0.144005
5.617322 -0.141621
5.625657 -0.146151
5.633991 -0.153840
5.642325 -0.154436
5.650660 -0.148773
5.658994 -0.146389
5.667328 -0.144005
5.675662 -0.144601
5.683997 -0.147343
5.692331 -0.141919
5.700665 -0.143111
5.709000 -0.143111
5.717334 -0.141263
5.725668 -0.147402
5.734003 -0.154018
5.742337 -0.148833
5.750671 -0.145614
5.759005 -0.153124
5.767340 -0.145793
5.775674 -0.145793
5.784008 -0.146985
5.792343 -0.149786
5.800677 -0.150919
5.809011 -0.154316
5.817346 -0.149667
5.825680 -0.149488
5.834014 -0.147879
5.842349 -0.147760
5.850683 -0.152349
5.859017 -0.152230
5.867351 -0.153005
5.875686 -0.141919
5.884020 -0.153422
5.892354 -0.150204
5.900689 -0.144184
5.909023 -0.141621
5.917357 -0.143826
5.925692 -0.151753
5.934026 -0.152171
5.942360 -0.142992
5.950695 -0.147104
5.959029 -0.147581
5.967363 -0.149846
5.975697 -0.149071
5.984032 -0.151217
5.992366 -0.146210
6.000700 -0.151038
6.009035 -0.149488
6.017369 -0.154257
6.025703 -0.155807
6.034038 -0.151038
6.042372 -0.151038
6.050706 -0.153244
6.059041 -0.154078
6.067375 -0.154257
6.075709 -0.153542
6.084043 -0.146389
6.092378 -0.144184
6.100712 -0.150561
6.109046 -0.151575
6.117381 -0.155628
6.125715 -0.153840
6.134049 -0.160575
6.142384 -0.151396
6.150718 -0.156045
6.159052 -0.160098
6.167386 -0.159681
6.175721 -0.163794
6.184055 -0.158608
6.192389 -0.166416
6.200724 -0.166178
6.209058 -0.154674
6.217392 -0.159085
6.225727 -0.161529
6.234061 -0.158966
6.242395 -0.156522
6.250730 -0.157237
6.259064 -0.154674
6.267398 -0.158787
6.275732 -0.163198
6.284067 -0.163198
6.292401 -0.154257
6.300735 -0.151575
6.309070 -0.152826
6.317404 -0.153840
6.325738 -0.154197
6.334073 -0.155032
6.342407 -0.156641
6.350741 -0.153840
6.359076 -0.151217
6.367410 -0.154018
6.375744 -0.154734
6.384078 -0.157535
6.392413 -0.156522
6.400747 -0.157237
6.409081 -0.163913
6.417416 -0.161529
6.425750 -0.160635
6.434084 -0.154555
6.442419 -0.161111
6.450753 -0.157714
6.459087 -0.162482
6.467422 -0.158787
6.475756 -0.152886
6.484090 -0.160813
6.492424 -0.155926
6.500759 -0.151157
6.509093 -0.157356
6.517427 -0.151634
6.525762 -0.157237
6.534096 -0.156701
6.542430 -0.160098
6.550765 -0.157356
6.559099 -0.153244
6.567433 -0.158966
6.575767 -0.168145
6.584102 -0.163496
6.592436 -0.164211
6.600770 -0.156224
6.609105 -0.156224
6.617439 -0.157356
6.625773 -0.157237
6.634108 -0.159025
6.642442 -0.157535
6.650776 -0.155509
6.659111 -0.152647
6.667445 -0.148594
6.675779 -0.152230
6.684113 -0.147402
6.692448 -0.153244
6.700782 -0.150263
6.709116 -0.154555
6.717451 -0.153124
6.725785 -0.146210
6.734119 -0.152826
6.742454 -0.155628
6.750788 -0.154316
6.759122 -0.147104
6.767457 -0.149488
6.775791 -0.148833
6.784125 -0.148773
6.792459 -0.146985
6.800794 -0.151217
6.809128 -0.153840
6.817462 -0.161529
6.825797 -0.156939
6.834131 -0.154436
6.842465 -0.157535
6.850800 -0.151038
6.859134 -0.152767
6.867468 -0.158012
6.875803 -0.150919
6.884137 -0.156641
6.892471 -0.157535
6.900805 -0.154555
6.909140 -0.158966
6.917474 -0.165403
6.925808 -0.161409
6.934143 -0.163794
6.942477 -0.170052
6.950811 -0.161171
6.959146 -0.155151
6.967480 -0.156045
6.975814 -0.162184
6.984148 -0.158608
6.992483 -0.156760
7.000817 -0.160694
7.009151 -0.162899
7.017486 -0.157773
7.025820 -0.155926
7.034154 -0.161409
7.042489 -0.161827
7.050823 -0.163496
7.059157 -0.157356
7.067492 -0.157773
7.075826 -0.154436
7.084160 -0.154018
7.092494 -0.158608
7.100829 -0.157356
7.109163 -0.159323
7.117497 -0.162125
7.125832 -0.159323
7.134166 -0.157237
7.142500 -0.155330
7.150835 -0.161648
7.159169 -0.160277
7.167503 -0.156045
7.175838 -0.158608
7.184172 -0.165820
7.192506 -0.168264
7.200840 -0.166893
7.209175 -0.167310
7.217509 -0.163376
7.225843 -0.160694
7.234178 -0.159085
7.242512 -0.156879
7.250846 -0.157416
7.259181 -0.158429
7.267515 -0.157118
7.275849 -0.163972
7.284184 -0.164449
7.292518 -0.164390
7.300852 -0.164568
7.309186 -0.163376
7.317521 -0.158727
7.325855 -0.161171
7.334189 -0.160694
7.342524 -0.164092
7.350858 -0.157595
7.359192 -0.154257
7.367527 -0.155807
7.375861 -0.154853
7.384195 -0.159323
7.392529 -0.155628
7.400864 -0.160813
7.409198 -0.163972
7.417532 -0.166357
7.425867 -0.164747
7.434201 -0.162899
7.442535 -0.162780
7.450870 -0.165164
7.459204 -0.162005
7.467538 -0.164866
7.475873 -0.170469
7.484207 -0.168443
7.492541 -0.164986
7.500875 -0.163615
7.509210 -0.163257
7.517544 -0.152767
7.525878 -0.159681
7.534213 -0.156343
7.542547 -0.161171
7.550881 -0.165105
7.559216 -0.158787
7.567550 -0.161886
7.575884 -0.157535
7.584219 -0.160933
7.592553 -0.156939
7.600887 -0.157118
7.609221 -0.155151
7.617556 -0.155151
7.625890 -0.161529
7.634224 -0.162482
7.642559 -0.158131
7.650893 -0.157833
7.659227 -0.159204
7.667562 -0.160575
7.675896 -0.157237
7.684230 -0.161171
7.692565 -0.166178
7.700899 -0.166178
7.709233 -0.164390
7.717567 -0.161409
7.725902 -0.161827
7.734236 -0.158787
7.742570 -0.156045
7.750905 -0.155807
7.759239 -0.160456
7.767573 -0.159800
7.775908 -0.159621
7.784242 -0.161171
7.792576 -0.164270
7.800910 -0.164270
7.809245 -0.157833
7.817579 -0.150204
7.825913 -0.156343
7.834248 -0.160277
7.842582 -0.156701
7.850916 -0.161111
7.859251 -0.161529
7.867585 -0.157714
7.875919 -0.161588
7.884254 -0.166953
7.892588 -0.166595
7.900922 -0.162363
7.909256 -0.165284
7.917591 -0.165582
7.925925 -0.163496
7.934259 -0.166297
7.942594 -0.167072
7.950928 -0.166416
7.959262 -0.160873
7.967597 -0.161052
7.975931 -0.160396
7.984265 -0.162899
7.992600 -0.160575
8.000934 -0.158846
8.009268 -0.157893
8.017602 -0.159323
8.025937 -0.163257
8.034271 -0.165164
8.042605 -0.173450
8.050940 -0.164568
8.059274 -0.166059
8.067608 -0.168145
8.075943 -0.166595
8.084277 -0.165164
8.092611 -0.168443
8.100945 -0.164688
8.109280 -0.170052
8.117614 -0.164747
8.125948 -0.166953
8.134283 -0.160694
8.142617 -0.160635
8.150951 -0.164211
8.159286 -0.165403
8.167620 -0.161529
8.175954 -0.160933
8.184289 -0.159502
8.192623 -0.160635
8.200957 -0.159442
8.209291 -0.160933
8.217626 -0.155687
8.225960 -0.159621
8.234294 -0.148952
8.242629 -0.159681
8.250963 -0.161290
8.259297 -0.159740
8.267632 -0.155151
8.275966 -0.156224
8.284300 -0.155628
8.292635 -0.157058
8.300969 -0.161588
8.309303 -0.159204
8.317637 -0.158250
8.325972 -0.158846
8.334306 -0.164986
8.342640 -0.169337
8.350975 -0.168383
8.359309 -0.163972
8.367643 -0.164390
8.375978 -0.165105
8.384312 -0.166178
8.392646 -0.169873
8.400981 -0.167549
8.409315 -0.165343
8.417649 -0.163078
8.425983 -0.157058
8.434318 -0.160873
8.442652 -0.168443
8.450986 -0.161111
8.459321 -0.158310
8.467655 -0.156164
8.475989 -0.160635
8.484324 -0.159025
8.492658 -0.165999
8.500992 -0.164866
8.509326 -0.161588
8.517661 -0.165820
8.525995 -0.162721
8.534329 -0.161767
8.542664 -0.166953
8.550998 -0.161827
8.559332 -0.156641
8.567667 -0.158966
8.576001 -0.160873
8.584335 -0.159323
8.592670 -0.161648
8.601004 -0.163734
8.609338 -0.163376
8.617672 -0.158131
8.626007 -0.159800
8.634341 -0.162363
8.642675 -0.155330
8.651010 -0.160456
8.659344 -0.167251
8.667678 -0.169039
8.676013 -0.165701
8.684347 -0.167668
8.692681 -0.158608
8.701016 -0.162184
8.709350 -0.172257
8.717684 -0.170410
8.726018 -0.167668
8.734353 -0.166416
8.742687 -0.164568
8.751021 -0.162005
8.759356 -0.164092
8.767690 -0.167370
8.776024 -0.161290
8.784359 -0.157416
8.792693 -0.158429
8.801027 -0.161171
8.809362 -0.162005
8.817696 -0.163913
8.826030 -0.158846
8.834364 -0.163376
8.842699 -0.164747
8.851033 -0.163794
8.859367 -0.162184
8.867702 -0.156760
8.876036 -0.157893
8.884370 -0.167787
8.892705 -0.162899
8.901039 -0.164449
8.909373 -0.158787
8.917707 -0.153840
8.926042 -0.154912
8.934376 -0.151634
8.942710 -0.156879
8.951045 -0.157058
8.959379 -0.156045
8.967713 -0.149488
8.976048 -0.151575
8.984382 -0.150025
8.992716 -0.149727
9.001051 -0.148296
9.009385 -0.145018
9.017719 -0.147343
9.026053 -0.143349
9.034388 -0.141799
9.042722 -0.144601
9.051056 -0.139058
9.059391 -0.143111
9.067725 -0.137746
9.076059 -0.129342
9.084394 -0.130177
9.092728 -0.133574
9.101062 -0.125408
9.109397 -0.129342
9.117731 -0.126898
9.126065 -0.127375
9.134399 -0.128567
9.142734 -0.119209
9.151068 -0.114679
9.159402 -0.109434
9.167737 -0.105381
9.176071 -0.101209
9.184405 -0.096619
9.192740 -0.095904
9.201074 -0.090599
9.209408 -0.086546
9.217743 -0.085115
9.226077 -0.082314
9.234411 -0.068367
9.242745 -0.067353
9.251080 -0.053704
9.259414 -0.048876
9.267748 -0.039935
9.276083 -0.035167
9.284417 -0.033021
9.292751 -0.029087
9.301086 -0.027657
9.309420 -0.010073
9.317754 0.000358
9.326088 0.011921
9.334423 0.027478
9.342757 0.043929
9.351091 0.059009
9.359426 0.063777
9.367760 0.070810
9.376094 0.073314
9.384429 0.087440
9.392763 0.110149
9.401097 0.135601
9.409432 0.154018
9.417766 0.182033
9.426100 0.201583
9.434434 0.228584
9.442769 0.250280
9.451103 0.258327
9.459437 0.276983
9.467772 0.295103
9.476106 0.327647
9.484440 0.360489
9.492775 0.389099
9.501109 0.432014
9.509443 0.485480
9.517778 0.520647
9.526112 0.562489
9.534446 0.586092
9.542780 0.611901
9.551115 0.642836
9.559449 0.703335
9.567783 0.743449
9.576118 0.809968
9.584452 0.872970
9.592786 0.939488
9.601121 1.005232
9.609455 1.067400
9.617789 1.101494
9.626124 1.140118
9.634458 1.200199
9.642792 1.286268
9.651126 1.367748
9.659461 1.444876
9.667795 1.541078
9.676129 1.677871
9.684464 1.774907
9.692798 1.848876
9.701132 1.900733
9.709467 1.963019
9.717801 2.039135
9.726135 2.144217
9.734469 2.264619
9.742804 2.407908
9.751138 2.540767
9.759472 2.695978
9.767807 2.835155
9.776141 2.965629
9.784475 3.040254
9.792810 3.115356
9.801144 3.210783
9.809478 3.375351
9.817813 3.528893
9.826147 3.697574
9.834481 3.871500
9.842815 4.100084
9.851150 4.273415
9.859484 4.410565
9.867818 4.509866
9.876153 4.627287
9.884487 4.752278
9.892821 4.919708
9.901156 5.113065
9.909490 5.345464
9.917824 5.556107
9.926159 5.794108
9.934493 6.004751
9.942827 6.202638
9.951161 6.321490
9.959496 6.420434
9.967830 6.566525
9.976164 6.788254
9.984499 7.015407
9.992833 7.256567
10.001167 7.492959
10.009502 7.789552
10.017836 8.011639
10.026170 8.193790
10.034505 8.328497
10.042839 8.470654
10.051173 8.625448
10.059507 8.835733
10.067842 9.077608
10.076176 9.359419
10.084510 9.605408
10.092845 9.880722
10.101179 10.113358
10.109513 10.330439
10.117848 10.465681
10.126182 10.586619
10.134516 10.743260
10.142850 10.993063
10.151185 11.248768
10.159519 11.499405
10.167853 11.743069
10.176188 12.061715
10.184522 12.290120
10.192856 12.470901
10.201191 12.616515
10.209525 12.752771
10.217859 12.910724
10.226194 13.119877
10.234528 13.365328
10.242862 13.659180
10.251196 13.902307
10.259531 14.162720
10.267865 14.389992
10.276199 14.596642
10.284534 14.729559
10.292868 14.848232
10.301202 14.997005
10.309537 15.230417
10.317871 15.477478
10.326205 15.727699
10.334540 15.951514
10.342874 16.250849
10.351208 16.470551
10.359542 16.645550
10.367877 16.786039
10.376211 16.932487
10.384545 17.084957
10.392880 17.272532
10.401214 17.517090
10.409548 17.819464
10.417883 18.056154
10.426217 18.322050
10.434551 18.567144
10.442886 18.809795
10.451220 18.984795
10.459554 19.143820
10.467888 19.324244
10.476223 19.598007
10.484557 19.880951
10.492891 20.183325
10.501226 20.488441
10.509560 20.891010
10.517894 21.219910
10.526229 21.512627
10.534563 21.779955
10.542897 22.073151
10.551231 22.358000
10.559566 22.675156
10.567900 23.045898
10.576234 23.509979
10.584569 23.923159
10.592903 24.374962
10.601237 24.823963
10.609572 25.284946
10.617906 25.637745
10.626240 25.973856
10.634575 26.318371
10.642909 26.763557
10.651243 27.179539
10.659577 27.629494
10.667912 28.073788
10.676246 28.643131
10.684580 29.117584
10.692915 29.538750
10.701249 29.916763
10.709583 30.315578
10.717918 30.662954
10.726252 31.026899
10.734586 31.415045
10.742921 31.890987
10.751255 32.305538
10.759589 32.745541
10.767923 33.164440
10.776258 33.605637
10.784592 33.920525
10.792926 34.213722
10.801261 34.508289
10.809595 34.851433
10.817929 35.160480
10.826264 35.488247
10.834598 35.805466
10.842932 36.206722
10.851267 36.532612
10.859601 36.814987
10.867935 37.057461
10.876269 37.314148
10.884604 37.530987
10.892938 37.732124
10.901272 37.943779
10.909607 38.184227
10.917941 38.399994
10.926275 38.623928
10.934610 38.823933
10.942944 39.027988
10.951278 39.172054
10.959612 39.301544
10.967947 39.424179
10.976281 39.551647
10.984615 39.650501
10.992950 39.743423
11.001284 39.833248
11.009618 39.945869
11.017953 40.023209
11.026287 40.069462
11.034621 40.109962
11.042956 40.150581
11.051290 40.183754
11.059624 40.191353
11.067958 40.191055
11.076293 40.170372
11.084627 40.151596
11.092961 40.134102
11.101296 40.081860
11.109630 40.021717
11.117964 39.958717
11.126299 39.904030
11.134633 39.854198
11.142967 39.772095
11.151302 39.680393
11.159636 39.575695
11.167970 39.465248
11.176304 39.320587
11.184639 39.169430
11.192973 39.031803
11.201307 38.898617
11.209642 38.762154
11.217976 38.638981
11.226310 38.500637
11.234645 38.337646
11.242979 38.127510
11.251313 37.954391
11.259647 37.763237
11.267982 37.550034
11.276316 37.307381
11.284650 37.122009
11.292985 36.957592
11.301319 36.807148
11.309653 36.593079
11.317988 36.384644
11.326322 36.168575
11.334656 35.947681
11.342991 35.663425
11.351325 35.401882
11.359659 35.158875
11.367993 34.937263
11.376328 34.712971
11.384662 34.542320
11.392996 34.344673
11.401331 34.115555
11.409665 33.824623
11.417999 33.573868
11.426334 33.316376
11.434668 33.041836
11.443002 32.729565
11.451337 32.506763
11.459671 32.296299
11.468005 32.108486
11.476339 31.873226
11.484674 31.632721
11.493008 31.381248
11.501342 31.132103
11.509677 30.828655
11.518011 30.544519
11.526345 30.282856
11.534680 30.045628
11.543014 29.807150
11.551348 29.629648
11.559683 29.426395
11.568017 29.204189
11.576351 28.915108
11.584685 28.668045
11.593020 28.418064
11.601354 28.143167
11.609688 27.849615
11.618023 27.629614
11.626357 27.436316
11.634691 27.261316
11.643026 27.045965
11.651360 26.838482
11.659694 26.610672
11.668028 26.382685
11.676363 26.118099
11.684697 25.867939
11.693031 25.641262
11.701366 25.438606
11.709700 25.244354
11.718034 25.090635
11.726369 24.925291
11.734703 24.743616
11.743037 24.518013
11.751372 24.309217
11.759706 24.114429
11.768040 23.897766
11.776374 23.661673
11.784709 23.488581
11.793043 23.344040
11.801377 23.218513
11.809712 23.070871
11.818046 22.918701
11.826380 22.754013
11.834715 22.590160
11.843049 22.392391
11.851383 22.212387
11.859718 22.043884
11.868052 21.903753
11.876386 21.772980
11.884720 21.680714
11.893055 21.581232
11.901389 21.455170
11.909723 21.301329
11.918058 21.160662
11.926392 21.031261
11.934726 20.886003
11.943061 20.735859
11.951395 20.632267
11.959729 20.537436
11.968064 20.470024
11.976398 20.377874
11.984732 20.277977
11.993066 20.181238
12.001401 20.071148
12.009735 19.939840
12.018069 19.830883
12.026404 19.716263
12.034738 19.631565
12.043072 19.547642
12.051407 19.498466
12.059741 19.440592
12.068075 19.371689
12.076409 19.264816
12.084744 19.171833
12.093078 19.084215
12.101412 18.981457
12.109747 18.869936
12.118081 18.796803
12.126415 18.738211
12.134750 18.685223
12.143084 18.618166
12.151418 18.555641
12.159753 18.473267
12.168087 18.387138
12.176421 18.284142
12.184755 18.194496
12.193090 18.101990
12.201424 18.028259
12.209758 17.965734
12.218093 17.912983
12.226427 17.864704
12.234761 17.802774
12.243096 17.710567
12.251430 17.629564
12.259764 17.546474
12.268099 17.456949
12.276433 17.350256
12.284767 17.274261
12.293101 17.208874
12.301436 17.162323
12.309770 17.097712
12.318104 17.035782
12.326439 16.963064
12.334773 16.877769
12.343107 16.772329
12.351442 16.677797
12.359776 16.585468
12.368110 16.505718
12.376445 16.425251
12.384779 16.376436
12.393113 16.327023
12.401447 16.252100
12.409782 16.162395
12.418116 16.072332
12.426450 15.988827
12.434785 15.894949
12.443119 15.792608
12.451453 15.710295
12.459788 15.644491
12.468122 15.588880
12.476456 15.519917
12.484790 15.455961
12.493125 15.375257
12.501459 15.289724
12.509793 15.187502
12.518128 15.095830
12.526462 14.995456
12.534796 14.911771
12.543131 14.834166
12.551465 14.783085
12.559799 14.719307
12.568134 14.648557
12.576468 14.561772
12.584802 14.476479
12.593136 14.398993
12.601471 14.303864
12.609805 14.194965
12.618139 14.105797
12.626474 14.045477
12.634808 13.988495
12.643142 13.921558
12.651477 13.855219
12.659811 13.783991
12.668145 13.699711
12.676480 13.603806
12.684814 13.518869
12.693148 13.415634
12.701482 13.340055
12.709817 13.261497
12.718151 13.205409
12.726485 13.150096
12.734820 13.092399
12.743154 13.008654
12.751488 12.929022
12.759823 12.843132
12.768157 12.762785
12.776491 12.648344
12.784826 12.577951
12.793160 12.510300
12.801494 12.451172
12.809828 12.393772
12.818163 12.330235
12.826497 12.272239
12.834831 12.196123
12.843166 12.104570
12.851500 12.023926
12.859834 11.939943
12.868169 11.856020
12.876503 11.787295
12.884837 11.728346
12.893171 11.686384
12.901506 11.630893
12.909840 11.549592
12.918174 11.476398
12.926509 11.407614
12.934843 11.329412
12.943177 11.236847
12.951512 11.165261
12.959846 11.104881
12.968180 11.058510
12.976515 10.998190
12.984849 10.944247
12.993183 10.882378
13.001517 10.812879
13.009852 10.726870
13.018186 10.655522
13.026520 10.582506
13.034855 10.517895
13.043189 10.449886
13.051523 10.404468
13.059858 10.359943
13.068192 10.310114
13.076526 10.245085
13.084861 10.181785
13.093195 10.112286
13.101529 10.049164
13.109863 9.964108
13.118198 9.890795
13.126532 9.839773
13.134866 9.798468
13.143201 9.752035
13.151535 9.709776
13.159869 9.660303
13.168204 9.597778
13.176538 9.525180
13.184872 9.471834
13.193207 9.398043
13.201541 9.340048
13.209875 9.278000
13.218209 9.234309
13.226544 9.196997
13.234878 9.156286
13.243212 9.098709
13.251547 9.046078
13.259881 8.990705
13.268215 8.934617
13.276550 8.865356
13.284884 8.808494
13.293218 8.760750
13.301552 8.718670
13.309887 8.675993
13.318221 8.637131
13.326555 8.597136
13.334890 8.548557
13.343224 8.489311
13.351558 8.440733
13.359893 8.382916
13.368227 8.329332
13.376561 8.278489
13.384896 8.239150
13.393230 8.215845
13.401564 8.181930
13.409898 8.134365
13.418233 8.089483
13.426567 8.039534
13.434901 8.004427
13.443236 7.935286
13.451570 7.883430
13.459904 7.837117
13.468239 7.804692
13.476573 7.772565
13.484907 7.746458
13.493242 7.706583
13.501576 7.657230
13.509910 7.614851
13.518244 7.567644
13.526579 7.521212
13.534913 7.479310
13.543247 7.429838
13.551582 7.404864
13.559916 7.369161
13.568250 7.343888
13.576585 7.309616
13.584919 7.273138
13.593253 7.230937
13.601588 7.185340
13.609922 7.130027
13.618256 7.087052
13.626590 7.053196
13.634925 7.030666
13.643259 7.001162
13.651593 6.974995
13.659928 6.939650
13.668262 6.904781
13.676596 6.865799
13.684931 6.830513
13.693265 6.780744
13.701599 6.744444
13.709933 6.709278
13.718268 6.673753
13.726602 6.648898
13.734936 6.631970
13.743271 6.600618
13.751605 6.568313
13.759939 6.537259
13.768274 6.496012
13.776608 6.451190
13.784942 6.412327
13.793277 6.373167
13.801611 6.354511
13.809945 6.322622
13.818279 6.305158
13.826614 6.278634
13.834948 6.245732
13.843282 6.209791
13.851617 6.190002
13.859951 6.151974
13.868285 6.113648
13.876620 6.083131
13.884954 6.057084
13.893288 6.040633
13.901623 6.020665
13.909957 5.997658
13.918291 5.970776
13.926625 5.947411
13.934960 5.919933
13.943294 5.883992
13.951628 5.849481
13.959963 5.827188
13.968297 5.807698
13.976631 5.787551
13.984966 5.769491
13.993300 5.749881
14.001634 5.730510
14.009969 5.709708
14.018303 5.695879
14.026637 5.662680
14.034971 5.635798
14.043306 5.603611
14.051640 5.592465
14.059974 5.579650
14.068309 5.569100
14.076643 5.558014
14.084977 5.537629
14.093312 5.518258
14.101646 5.493879
14.109980 5.469978
14.118314 5.452156
14.126649 5.439401
14.134983 5.431354
14.143317 5.424976
14.151652 5.415082
14.159986 5.404055
14.168320 5.392075
14.176655 5.374014
14.184989 5.367219
14.193323 5.352795
14.201658 5.350769
14.209992 5.333304
14.218326 5.328655
14.226660 5.333543
14.234995 5.328894
14.243329 5.321741
14.251663 5.320013
14.259998 5.313039
14.268332 5.312920
14.276666 5.317569
14.285001 5.316436
14.293335 5.318403
14.301669 5.322337
14.310004 5.333185
14.318338 5.339026
14.326672 5.342722
14.335006 5.347610
14.343341 5.356431
14.351675 5.370617
14.360009 5.382359
14.368344 5.391896
14.376678 5.412102
14.385012 5.425990
14.393347 5.454779
14.401681 5.478621
14.410015 5.507588
14.418349 5.521655
14.426684 5.546033
14.435018 5.576491
14.443352 5.610764
14.451687 5.646527
14.460021 5.687714
14.468355 5.724788
14.476690 5.775511
14.485024 5.814195
14.493358 5.848527
14.501693 5.898237
14.510027 5.960405
14.518361 6.011069
14.526695 6.075621
14.535030 6.142795
14.543364 6.222963
14.551698 6.297231
14.560033 6.370783
14.568367 6.433070
14.576701 6.520748
14.585036 6.601512
14.593370 6.692708
14.601704 6.774783
14.610039 6.900728
14.618373 7.020950
14.626707 7.131338
14.635041 7.250011
14.643376 7.385015
14.651710 7.494628
14.660044 7.609010
14.668379 7.734537
14.676713 7.897556
14.685047 8.045614
14.693382 8.210897
14.701716 8.393645
14.710050 8.616567
14.718385 8.806348
14.726719 8.977294
14.735053 9.142041
14.743387 9.345055
14.751722 9.538651
14.760056 9.738148
14.768390 9.957373
14.776725 10.237635
14.785059 10.514379
14.793393 10.794104
14.801728 11.062980
14.810062 11.363626
14.818396 11.600197
14.826730 11.840641
14.835065 12.111783
14.843399 12.463570
14.851733 12.774408
14.860068 13.119280
14.868402 13.504208
14.876736 13.972044
14.885071 14.338196
14.893405 14.691889
14.901739 15.033364
14.910074 15.431463
14.918408 15.797079
14.926742 16.196310
14.935076 16.621531
14.943411 17.155766
14.951745 17.681301
14.960079 18.208086
14.968414 18.709898
14.976748 19.257187
14.985082 19.692898
14.993417 20.135880
15.001751 20.613134
15.010085 21.221220
15.018420 21.772682
15.026754 22.361458
15.035088 23.031830
15.043422 23.826838
15.051757 24.468660
15.060091 25.054037
15.068425 25.601387
15.076760 26.248693
15.085094 26.861488
15.093428 27.500988
15.101763 28.181135
15.110097 29.022635
15.118431 29.849112
15.126766 30.680775
15.135100 31.475723
15.143434 32.303333
15.151768 32.976509
15.160103 33.631802
15.168437 34.343422
15.176771 35.230042
15.185106 36.040665
15.193440 36.899567
15.201774 37.861526
15.210109 38.999081
15.218443 39.917587
15.226777 40.751247
15.235111 41.522324
15.243446 42.402985
15.251780 43.222664
15.260114 44.094921
15.268449 45.007675
15.276783 46.142071
15.285117 47.229290
15.293452 48.334152
15.301786 49.377262
15.310120 50.469337
15.318455 51.323296
15.326789 52.151649
15.335123 53.034695
15.343457 54.143131
15.351792 55.153160
15.360126 56.211174
15.368460 57.375877
15.376795 58.774502
15.385129 59.890388
15.393463 60.891838
15.401798 61.820148
15.410132 62.854679
15.418466 63.789486
15.426801 64.796478
15.435135 65.849510
15.443469 67.155334
15.451803 68.381516
15.460138 69.648895
15.468472 70.820541
15.476806 72.026459
15.485141 72.982582
15.493475 73.886185
15.501809 74.844185
15.510144 76.041725
15.518478 77.123642
15.526812 78.244446
15.535147 79.478264
15.543481 80.961647
15.551815 82.144501
15.560149 83.189484
15.568484 84.139290
15.576818 85.181442
15.585152 86.132111
15.593487 87.132904
15.601821 88.200836
15.610155 89.488029
15.618490 90.698418
15.626824 91.946602
15.635158 93.105583
15.643492 94.295029
15.651827 95.215675
15.660161 96.075714
15.668495 96.981049
15.676830 98.106354
15.685164 99.119576
15.693498 100.174339
15.701833 101.303223
15.710167 102.691055
15.718501 103.786827
15.726836 104.748878
15.735170 105.617729
15.743504 106.557396
15.751838 107.398300
15.760173 108.286919
15.768507 109.229240
15.776841 110.357735
15.785176 111.403824
15.793510 112.499535
15.801844 113.516388
15.810179 114.550621
15.818513 115.332069
15.826847 116.055695
15.835182 116.806122
15.843516 117.732796
15.851850 118.579803
15.860184 119.453583
15.868519 120.374855
15.876853 121.512413
15.885187 122.412354
15.893522 123.194130
15.901856 123.885124
15.910190 124.627144
15.918525 125.278442
15.926859 125.968758
15.935193 126.700249
15.943528 127.577065
15.951862 128.374969
15.960196 129.224899
15.968530 130.012573
15.976865 130.785400
15.985199 131.380737
15.993533 131.904068
16.001868 132.454727
16.010202 133.120056
16.018536 133.731277
16.026871 134.362366
16.035205 135.017776
16.043539 135.840530
16.051873 136.478119
16.060208 137.034866
16.068542 137.507645
16.076876 138.003998
16.085211 138.440430
16.093545 138.892746
16.101879 139.381714
16.110214 139.963211
16.118548 140.488892
16.126882 141.052185
16.135217 141.562546
16.143551 142.065201
16.151885 142.422623
16.160219 142.747910
16.168554 143.074036
16.176888 143.461533
16.185222 143.820084
16.193557 144.195587
16.201891 144.578522
16.210225 145.063751
16.218560 145.433151
16.226894 145.735657
16.235228 145.979019
16.243563 146.241867
16.251897 146.465485
16.260231 146.698975
16.268565 146.940643
16.276900 147.229370
16.285234 147.491272
16.293568 147.767487
16.301903 148.007507
16.310237 148.223816
16.318571 148.367828
16.326906 148.490433
16.335240 148.612656
16.343574 148.753021
16.351909 148.877411
16.360243 149.014359
16.368577 149.159851
16.376911 149.333954
16.385246 149.456863
16.393580 149.533096
16.401914 149.572128
16.410249 149.616653
16.418583 149.639511
16.426917 149.667236
16.435252 149.699921
16.443586 149.736160
16.451920 149.759018
16.460254 149.792526
16.468589 149.803192
16.476923 149.777618
16.485257 149.726685
16.493592 149.673462
16.501926 149.628586
16.510260 149.564148
16.518595 149.506271
16.526929 149.438675
16.535263 149.371857
16.543598 149.281021
16.551932 149.191223
16.560266 149.080429
16.568600 148.950256
16.576935 148.805740
16.585269 148.691803
16.593603 148.563950
16.601938 148.416611
16.610272 148.251526
16.618606 148.098373
16.626941 147.933151
16.635275 147.748566
16.643609 147.525345
16.651944 147.325043
16.660278 147.142166
16.668612 146.966812
16.676946 146.745300
16.685281 146.528519
16.693615 146.319397
16.701949 146.093246
16.710284 145.807449
16.718618 145.548767
16.726952 145.295349
16.735287 145.044983
16.743621 144.768509
16.751955 144.538223
16.760290 144.306931
16.768624 144.038147
16.776958 143.719559
16.785292 143.443344
16.793627 143.134476
16.801961 142.813293
16.810295 142.455673
16.818630 142.156296
16.826964 141.876572
16.835298 141.615891
16.843633 141.291595
16.851967 140.989243
16.860301 140.674683
16.868635 140.346527
16.876970 139.947021
16.885304 139.574356
16.893638 139.222000
16.901973 138.877426
16.910307 138.509033
16.918641 138.215897
16.926976 137.916153
16.935310 137.588654
16.943644 137.166473
16.951979 136.806808
16.960313 136.422729
16.968647 136.016815
16.976981 135.561462
16.985316 135.199493
16.993650 134.865585
17.001984 134.557755
17.010319 134.169281
17.018653 133.806473
17.026987 133.440430
17.035322 133.058243
17.043656 132.575424
17.051990 132.143463
17.060325 131.729874
17.068659 131.334518
17.076993 130.922409
17.085327 130.601013
17.093662 130.256805
17.101996 129.883881
17.110330 129.430023
17.118665 129.035568
17.126999 128.600266
17.135333 128.147964
17.143668 127.639534
17.152002 127.246559
17.160336 126.878319
17.168671 126.551003
17.177005 126.136032
17.185339 125.760582
17.193673 125.359505
17.202008 124.953598
17.210342 124.441322
17.218676 123.983147
17.227011 123.538910
17.235345 123.133507
17.243679 122.703163
17.252014 122.369797
17.260348 122.005882
17.268682 121.625244
17.277016 121.160568
17.285351 120.752663
17.293685 120.304909
17.302019 119.838562
17.310354 119.312851
17.318688 118.911713
17.327022 118.544456
17.335357 118.197945
17.343691 117.794754
17.352025 117.410660
17.360360 117.007378
17.368694 116.588921
17.377028 116.071762
17.385362 115.593521
17.393697 115.149826
17.402031 114.748749
17.410365 114.313599
17.418700 113.977554
17.427034 113.624069
17.435368 113.249214
17.443703 112.790108
17.452037 112.373650
17.460371 111.937645
17.468706 111.464653
17.477040 110.945702
17.485374 110.548882
17.493708 110.177010
17.502043 109.847008
17.510377 109.434929
17.518711 109.068810
17.527046 108.672348
17.535380 108.268051
17.543714 107.769547
17.552049 107.303856
17.560383 106.860817
17.568717 106.453773
17.577051 106.027870
17.585386 105.697960
17.593720 105.365097
17.602054 104.999367
17.610389 104.552773
17.618723 104.153397
17.627057 103.736130
17.635392 103.278519
17.643726 102.754768
17.652060 102.357803
17.660395 102.004288
17.668729 101.681679
17.677063 101.289986
17.685397 100.942581
17.693732 100.562393
17.702066 100.165848
17.710400 99.686142
17.718735 99.228920
17.727069 98.798874
17.735403 98.397614
17.743738 97.994301
17.752072 97.665283
17.760406 97.343536
17.768741 96.999886
17.777075 96.564713
17.785409 96.179962
17.793743 95.778076
17.802078 95.333549
17.810412 94.826164
17.818746 94.442871
17.827081 94.091919
17.835415 93.782631
17.843749 93.413445
17.852084 93.076736
17.860418 92.723671
17.868752 92.337669
17.877087 91.878716
17.885421 91.441872
17.893755 91.027023
17.902089 90.632942
17.910424 90.234726
17.918758 89.918373
17.927092 89.618805
17.935427 89.292435
17.943761 88.884056
17.952095 88.508575
17.960430 88.125229
17.968764 87.696434
17.977098 87.215843
17.985432 86.842415
17.993767 86.511848
18.002101 86.207893
18.010435 85.861031
18.018770 85.538330
18.027104 85.197777
18.035438 84.838394
18.043773 84.394661
18.052107 83.981186
18.060441 83.571167
18.068776 83.203583
18.077110 82.819878
18.085444 82.521111
18.093778 82.234886
18.102113 81.927895
18.110447 81.537544
18.118781 81.189690
18.127116 80.824554
18.135450 80.426720
18.143784 79.961601
18.152119 79.603973
18.160453 79.281746
18.168787 78.991325
18.177122 78.664215
18.185456 78.354713
18.193790 78.035744
18.202124 77.704582
18.210459 77.298996
18.218793 76.907661
18.227127 76.520119
18.235462 76.157928
18.243796 75.789154
18.252130 75.507912
18.260465 75.232178
18.268799 74.951767
18.277133 74.591934
18.285468 74.254814
18.293802 73.919090
18.302136 73.541847
18.310470 73.102173
18.318805 72.757065
18.327139 72.461189
18.335473 72.187035
18.343808 71.880249
18.352142 71.600052
18.360476 71.303490
18.368811 70.988716
18.377145 70.613029
18.385479 70.242821
18.393813 69.875923
18.402148 69.530098
18.410482 69.182159
18.418816 68.925468
18.427151 68.673225
18.435485 68.405685
18.443819 68.072525
18.452154 67.762527
18.460488 67.453804
18.468822 67.121925
18.477157 66.705345
18.485491 66.382202
18.493825 66.092316
18.502159 65.833626
18.510494 65.555931
18.518828 65.302101
18.527162 65.032486
18.535497 64.742981
18.543831 64.395126
18.552165 64.066559
18.560500 63.720524
18.568834 63.406258
18.577168 63.092113
18.585503 62.849640
18.593837 62.618912
18.602171 62.379330
18.610505 62.080860
18.618840 61.808289
18.627174 61.521442
18.635508 61.206997
18.643843 60.815842
18.652177 60.511620
18.660511 60.247986
18.668846 60.018929
18.677180 59.760811
18.685514 59.521259
18.693849 59.277893
18.702183 59.019176
18.710517 58.700382
18.718851 58.398037
18.727186 58.077873
18.735520 57.786880
18.743854 57.492645
18.752189 57.261616
18.760523 57.056068
18.768857 56.838451
18.777192 56.561886
18.785526 56.309135
18.793860 56.051224
18.802194 55.774124
18.810529 55.422516
18.818863 55.144489
18.827197 54.898472
18.835532 54.679783
18.843866 54.456383
18.852200 54.240944
18.860535 54.019211
18.868869 53.783237
18.877203 53.494843
18.885538 53.222179
18.893872 52.941204
18.902206 52.670567
18.910540 52.398323
18.918875 52.192898
18.927209 52.006870
18.935543 51.813484
18.943878 51.571159
18.952212 51.345615
18.960546 51.103355
18.968881 50.852657
18.977215 50.537319
18.985549 50.283520
18.993884 50.057888
19.002218 49.865215
19.010552 49.651951
19.018886 49.466015
19.027221 49.273403
19.035555 49.054832
19.043889 48.799305
19.052224 48.562080
19.060558 48.304588
19.068892 48.047901
19.077227 47.799320
19.085561 47.615318
19.093895 47.441483
19.102230 47.269642
19.110564 47.060402
19.118898 46.854168
19.127232 46.634525
19.135567 46.411930
19.143901 46.117962
19.152235 45.886189
19.160570 45.682163
19.168904 45.498310
19.177238 45.312374
19.185573 45.149029
19.193907 44.971584
19.202241 44.789253
19.210575 44.560551
19.218910 44.344097
19.227244 44.104664
19.235578 43.883411
19.243913 43.644218
19.252247 43.479858
19.260581 43.312222
19.268916 43.157906
19.277250 42.963417
19.285584 42.787998
19.293919 42.606441
19.302253 42.402058
19.310587 42.145580
19.318921 41.924805
19.327256 41.727394
19.335590 41.569530
19.343924 41.392773
19.352259 41.247757
19.360593 41.099369
19.368927 40.931435
19.377262 40.717541
19.385596 40.528328
19.393930 40.316669
19.402265 40.112198
19.410599 39.905190
19.418933 39.745659
19.427267 39.598049
19.435602 39.468853
19.443936 39.292248
19.452270 39.129288
19.460605 38.962692
19.468939 38.779823
19.477273 38.545250
19.485608 38.348557
19.493942 38.168907
19.502276 38.024426
19.510611 37.862988
19.518945 37.734596
19.527279 37.593304
19.535613 37.440300
19.543948 37.250847
19.552282 37.082554
19.560616 36.894859
19.568951 36.707966
19.577285 36.508232
19.585619 36.366047
19.593954 36.238907
19.602288 36.108433
19.610622 35.961689
19.618956 35.814465
19.627291 35.657646
19.635625 35.502911
19.643959 35.288750
19.652294 35.103142
19.660628 34.944832
19.668962 34.813583
19.677297 34.672081
19.685631 34.555256
19.693965 34.425556
19.702300 34.286915
19.710634 34.112392
19.718968 33.964931
19.727302 33.795715
19.735637 33.619644
19.743971 33.434032
19.752305 33.312202
19.760640 33.193588
19.768974 33.085941
19.777308 32.941101
19.785643 32.816051
19.793977 32.675625
19.802311 32.529472
19.810646 32.337189
19.818980 32.166718
19.827314 32.013954
19.835648 31.892836
19.843983 31.762123
19.852317 31.651020
19.860651 31.538069
19.868986 31.422853
19.877320 31.266392
19.885654 31.125366
19.893989 30.970514
19.902323 30.821085
19.910657 30.656696
19.918992 30.530870
19.927326 30.421375
19.935660 30.317247
19.943994 30.185879
19.952329 30.079603
19.960663 29.957115
19.968997 29.833555
19.977332 29.655277
19.985666 29.501974
19.994000 29.360830
20.002335 29.250324
20.010669 29.129982
20.019003 29.031277
20.027337 28.933346
20.035672 28.824806
20.044006 28.688133
20.052340 28.558313
20.060675 28.425694
20.069009 28.280676
20.077343 28.113306
20.085678 28.007030
20.094012 27.912735
20.102346 27.818321
20.110681 27.709246
20.119015 27.602732
20.127349 27.491390
20.135683 27.372955
20.144018 27.223110
20.152352 27.082861
20.160686 26.957153
20.169021 26.848375
20.177355 26.737808
20.185689 26.648104
20.194024 26.552439
20.202358 26.461542
20.210692 26.328922
20.219027 26.219189
20.227361 26.096165
20.235695 25.963188
20.244029 25.815189
20.252364 25.715351
20.260698 25.630592
20.269032 25.541246
20.277367 25.435984
20.285701 25.347828
20.294035 25.247276
20.302370 25.138914
20.310704 25.008738
20.319038 24.873674
20.327373 24.751842
20.335707 24.662256
20.344041 24.565338
20.352375 24.481594
20.360710 24.385334
20.369044 24.302303
20.377378 24.192392
20.385713 24.091541
20.394047 23.985207
20.402381 23.856998
20.410716 23.723244
20.419050 23.631632
20.427384 23.544193
20.435718 23.469269
20.444053 23.384153
20.452387 23.304939
20.460721 23.202717
20.469056 23.101389
20.477390 22.984505
20.485724 22.862494
20.494059 22.756458
20.502393 22.665560
20.510727 22.578419
20.519062 22.498489
20.527396 22.425652
20.535730 22.343874
20.544064 22.241592
20.552399 22.156059
20.560733 22.063614
20.569067 21.950186
20.577402 21.826326
20.585736 21.738052
20.594070 21.665632
20.602405 21.595657
20.610739 21.507025
20.619073 21.434843
20.627408 21.352112
20.635742 21.271111
20.644076 21.159767
20.652410 21.051586
20.660745 20.953060
20.669079 20.857870
20.677413 20.775616
20.685748 20.708858
20.694082 20.640491
20.702416 20.570517
20.710751 20.484745
20.719085 20.394684
20.727419 20.303726
20.735753 20.210207
20.744088 20.101665
20.752422 20.018696
20.760756 19.946693
20.769091 19.883574
20.777425 19.805611
20.785759 19.739986
20.794094 19.672155
20.802428 19.596159
20.810762 19.502281
20.819097 19.393623
20.827431 19.302727
20.835765 19.227564
20.844099 19.148529
20.852434 19.088089
20.860768 19.029081
20.869102 18.963158
20.877437 18.881083
20.885771 18.807352
20.894105 18.732906
20.902440 18.636227
20.910774 18.528759
20.919108 18.449425
20.927443 18.392204
20.935777 18.325567
20.944111 18.250883
20.952445 18.199562
20.960780 18.130482
20.969114 18.056870
20.977448 17.969788
20.985783 17.887711
20.994117 17.802954
21.002451 17.734289
21.010786 17.664074
21.019120 17.612219
21.027454 17.555416
21.035789 17.492653
21.044123 17.417192
21.052457 17.354429
21.060791 17.286598
21.069126 17.212093
21.077460 17.108738
21.085794 17.036915
21.094129 16.978741
21.102463 16.921103
21.110797 16.863823
21.119132 16.805590
21.127466 16.749859
21.135800 16.683043
21.144134 16.600609
21.152469 16.523003
21.160803 16.448915
21.169137 16.378880
21.177472 16.309797
21.185806 16.254663
21.194140 16.207813
21.202475 16.161083
21.210809 16.099335
21.219143 16.037346
21.227478 15.963375
21.235812 15.893877
21.244146 15.809477
21.252480 15.744030
21.260815 15.692353
21.269149 15.633225
21.277483 15.576899
21.285818 15.531004
21.294152 15.476942
21.302486 15.423059
21.310821 15.354872
21.319155 15.278935
21.327489 15.209972
21.335824 15.146494
21.344158 15.090108
21.352492 15.047073
21.360826 15.000999
21.369161 14.953375
21.377495 14.892399
21.385829 14.832794
21.394164 14.773369
21.402498 14.704525
21.410832 14.625549
21.419167 14.571011
21.427501 14.522135
21.435835 14.481724
21.444170 14.430344
21.452504 14.382958
21.460838 14.328897
21.469172 14.282047
21.477507 14.217973
21.485841 14.156878
21.494175 14.090896
21.502510 14.030337
21.510844 13.976097
21.519178 13.927639
21.527513 13.892293
21.535847 13.854324
21.544181 13.799548
21.552515 13.748288
21.560850 13.693630
21.569184 13.630390
21.577518 13.558984
21.585853 13.505340
21.594187 13.460100
21.602521 13.416588
21.610856 13.367712
21.619190 13.332546
21.627524 13.293325
21.635859 13.240695
21.644193 13.187229
21.652527 13.134062
21.660861 13.075829
21.669196 13.016283
21.677530 12.961745
21.685864 12.921751
21.694199 12.885750
21.702533 12.844503
21.710867 12.797176
21.719202 12.749613
21.727536 12.698650
21.735870 12.645841
21.744205 12.576103
21.752539 12.530386
21.760873 12.480497
21.769207 12.443840
21.777542 12.403547
21.785876 12.368560
21.794210 12.326717
21.802545 12.287199
21.810879 12.234867
21.819213 12.186170
21.827548 12.124896
21.835882 12.073755
21.844216 12.030542
21.852551 12.002766
21.860885 11.958302
21.869219 11.925518
21.877553 11.878967
21.885888 11.836231
21.894222 11.793494
21.902556 11.742711
21.910891 11.685014
21.919225 11.632263
21.927559 11.600733
21.935894 11.561275
21.944228 11.525393
21.952562 11.495471
21.960896 11.460662
21.969231 11.423885
21.977565 11.374593
21.985899 11.322319
21.994234 11.274397
22.002568 11.230410
22.010902 11.179924
22.019237 11.154652
22.027571 11.112272
22.035905 11.082292
22.044240 11.039376
22.052574 11.009634
22.060908 10.964870
22.069242 10.925829
22.077577 10.865688
22.085911 10.822952
22.094245 10.789812
22.102580 10.757565
22.110914 10.721863
22.119248 10.686994
22.127583 10.656178
22.135917 10.620773
22.144251 10.579109
22.152586 10.541439
22.160920 10.493279
22.169254 10.446191
22.177588 10.408699
22.185923 10.375082
22.194257 10.356367
22.202591 10.331690
22.210926 10.294199
22.219260 10.255993
22.227594 10.222912
22.235929 10.182798
22.244263 10.135592
22.252597 10.085642
22.260932 10.046959
22.269266 10.020733
22.277600 9.989858
22.285934 9.962678
22.294269 9.932100
22.302603 9.899675
22.310937 9.858667
22.319272 9.821951
22.327606 9.780348
22.335940 9.748041
22.344275 9.708345
22.352609 9.684443
22.360943 9.652257
22.369277 9.628534
22.377612 9.592712
22.385946 9.566784
22.394280 9.529948
22.402615 9.493887
22.410949 9.453416
22.419283 9.413600
22.427618 9.376168
22.435952 9.349882
22.444286 9.326458
22.452621 9.302020
22.460955 9.273767
22.469289 9.241402
22.477623 9.203076
22.485958 9.165346
22.494292 9.127319
22.502626 9.097576
22.510961 9.055614
22.519295 9.035528
22.527629 9.014726
22.535964 8.990705
22.544298 8.963227
22.552632 8.929670
22.560967 8.898139
22.569301 8.865952
22.577635 8.830011
22.585969 8.798480
22.594304 8.773624
22.602638 8.739829
22.610972 8.710087
22.619307 8.695185
22.627641 8.667528
22.635975 8.645773
22.644310 8.612156
22.652644 8.585989
22.660978 8.545935
22.669313 8.508086
22.677647 8.470058
22.685981 8.454442
22.694315 8.427620
22.702650 8.411288
22.710984 8.381963
22.719318 8.367181
22.727653 8.335829
22.735987 8.304477
22.744321 8.265138
22.752656 8.230984
22.760990 8.204163
22.769324 8.173168
22.777658 8.152366
22.785993 8.132219
22.794327 8.106709
22.802661 8.086562
22.810996 8.056938
22.819330 8.030235
22.827664 7.998884
22.835999 7.964969
22.844333 7.928967
22.852667 7.913530
22.861002 7.896483
22.869336 7.869899
22.877670 7.855415
22.886004 7.826686
22.894339 7.808149
22.902673 7.779837
22.911007 7.744074
22.919342 7.710814
22.927676 7.681131
22.936010 7.667840
22.944345 7.641256
22.952679 7.622123
22.961013 7.600963
22.969348 7.581711
22.977682 7.549047
22.986016 7.526100
22.994350 7.498920
23.002685 7.471621
23.011019 7.435977
23.019353 7.415831
23.027688 7.398248
23.036022 7.383168
23.044356 7.361710
23.052691 7.343292
23.061025 7.316589
23.069359 7.295668
23.077694 7.265210
23.086028 7.235467
23.094362 7.211149
23.102696 7.195354
23.111031 7.171690
23.119365 7.160723
23.127699 7.139206
23.136034 7.120550
23.144368 7.099628
23.152702 7.073998
23.161037 7.047713
23.169371 7.018149
23.177705 6.994784
23.186039 6.965697
23.194374 6.957412
23.202708 6.945610
23.211042 6.919086
23.219377 6.898582
23.227711 6.877780
23.236045 6.864548
23.244380 6.829321
23.252714 6.810665
23.261048 6.785333
23.269383 6.766379
23.277717 6.746292
23.286051 6.732583
23.294385 6.711900
23.302720 6.699622
23.311054 6.668210
23.319388 6.649435
23.327723 6.633341
23.336057 6.602466
23.344391 6.582975
23.352726 6.558120
23.361060 6.545424
23.369394 6.528974
23.377729 6.507039
23.386063 6.498992
23.394397 6.482303
23.402731 6.464660
23.411066 6.431937
23.419400 6.409883
23.427734 6.379545
23.436069 6.368160
23.444403 6.356537
23.452737 6.347477
23.461072 6.339848
23.469406 6.319404
23.477740 6.290555
23.486075 6.275356
23.494409 6.251097
23.502743 6.223619
23.511077 6.201148
23.519412 6.181598
23.527746 6.172717
23.536080 6.161749
23.544415 6.151021
23.552749 6.128192
23.561083 6.119311
23.569418 6.098032
23.577752 6.072462
23.586086 6.055772
23.594420 6.033123
23.602755 6.013930
23.611089 6.004930
23.619423 5.988479
23.627758 5.971551
23.636092 5.957961
23.644426 5.934477
23.652761 5.923152
23.661095 5.902529
23.669429 5.881667
23.677764 5.853891
23.686098 5.833149
23.694432 5.827785
23.702766 5.818963
23.711101 5.808175
23.719435 5.792320
23.727769 5.775988
23.736104 5.762458
23.744438 5.741358
23.752772 5.721390
23.761107 5.701125
23.769441 5.684257
23.777775 5.676568
23.786110 5.660415
23.794444 5.650043
23.802778 5.636930
23.811112 5.629182
23.819447 5.611181
23.827781 5.599320
23.836115 5.577505
23.844450 5.553007
23.852784 5.534232
23.861118 5.520225
23.869453 5.509615
23.877787 5.498350
23.886121 5.485415
23.894455 5.476296
23.902790 5.470812
23.911124 5.450368
23.919458 5.422950
23.927793 5.401194
23.936127 5.388975
23.944461 5.373597
23.952796 5.362332
23.961130 5.353451
23.969464 5.350173
23.977799 5.336583
23.986133 5.321205
23.994467 5.306244
24.002801 5.287945
24.011136 5.266249
24.019470 5.253851
24.027804 5.241752
24.036139 5.230308
24.044473 5.219519
24.052807 5.208671
24.061142 5.195796
24.069476 5.181909
24.077810 5.165517
24.086145 5.154729
24.094479 5.147696
24.102813 5.131900
24.111147 5.111873
24.119482 5.100906
24.127816 5.085647
24.136150 5.073190
24.144485 5.060017
24.152819 5.048752
24.161153 5.037367
24.169488 5.021870
24.177822 5.003631
24.186156 4.991412
24.194491 4.979789
24.202825 4.972935
24.211159 4.961193
24.219493 4.952550
24.227828 4.939616
24.236162 4.928708
24.244496 4.916787
24.252831 4.895449
24.261165 4.883707
24.269499 4.875720
24.277834 4.860222
24.286168 4.853666
24.294502 4.838288
24.302836 4.835784
24.311171 4.827678
24.319505 4.817963
24.327839 4.804730
24.336174 4.788578
24.344508 4.764855
24.352842 4.752994
24.361177 4.748046
24.369511 4.736245
24.377845 4.724026
24.386180 4.715443
24.394514 4.707277
24.402848 4.702747
24.411182 4.685342
24.419517 4.667044
24.427851 4.652977
24.436185 4.641712
24.444520 4.630804
24.452854 4.626930
24.461188 4.616082
24.469523 4.613280
24.477857 4.604101
24.486191 4.597962
24.494526 4.583001
24.502860 4.567564
24.511194 4.541695
24.519528 4.537642
24.527863 4.533947
24.536197 4.524887
24.544531 4.519224
24.552866 4.506707
24.561200 4.498780
24.569534 4.492342
24.577869 4.481196
24.586203 4.468560
24.594537 4.456639
24.602872 4.446030
24.611206 4.431009
24.619540 4.422069
24.627874 4.412353
24.636209 4.401028
24.644543 4.391730
24.652877 4.378557
24.661212 4.374802
24.669546 4.360974
24.677880 4.338801
24.686215 4.336715
24.694549 4.325986
24.702883 4.322112
24.711217 4.316986
24.719552 4.311144
24.727886 4.305542
24.736220 4.287720
24.744555 4.279733
24.752889 4.272044
24.761223 4.257798
24.769558 4.246414
24.777892 4.235625
24.786226 4.235506
24.794561 4.227579
24.802895 4.218459
24.811229 4.210234
24.819563 4.199207
24.827898 4.194438
24.836232 4.185379
24.844566 4.171968
24.852901 4.163325
24.861235 4.150391
24.869569 4.144371
24.877904 4.134536
24.886238 4.129648
24.894572 4.127562
24.902907 4.112124
24.911241 4.107118
24.919575 4.095912
24.927909 4.081130
24.936244 4.076481
24.944578 4.071116
24.952912 4.064083
24.961247 4.052043
24.969581 4.041016
24.977915 4.035950
24.986250 4.030049
24.994584 4.022062
25.002918 4.009724
25.011253 4.003525
25.019587 3.996551
25.027921 3.983140
25.036255 3.981292
25.044590 3.975987
25.052924 3.966153
25.061258 3.963351
25.069593 3.953218
25.077927 3.939867
25.086261 3.938079
25.094596 3.920257
25.102930 3.907204
25.111264 3.895998
25.119598 3.892362
25.127933 3.898680
25.136267 3.888309
25.144601 3.876328
25.152936 3.874540
25.161270 3.862381
25.169604 3.855705
25.177939 3.843784
25.186273 3.831267
25.194607 3.825009
25.202942 3.822684
25.211276 3.819466
25.219610 3.813684
25.227944 3.806472
25.236279 3.799915
25.244613 3.793299
25.252947 3.776312
25.261282 3.760040
25.269616 3.752470
25.277950 3.745794
25.286285 3.744125
25.294619 3.736138
25.302953 3.729045
25.311288 3.729641
25.319622 3.725111
25.327956 3.719985
25.336290 3.705978
25.344625 3.693998
25.352959 3.686965
25.361293 3.678858
25.369628 3.677964
25.377962 3.673553
25.386296 3.659189
25.394631 3.657639
25.402965 3.649652
25.411299 3.644049
25.419634 3.633678
25.427968 3.618956
25.436302 3.606617
25.444636 3.603995
25.452971 3.601313
25.461305 3.599048
25.469639 3.594160
25.477974 3.583610
25.486308 3.579021
25.494642 3.568530
25.502977 3.562689
25.511311 3.557026
25.519645 3.545105
25.527979 3.536701
25.536314 3.532588
25.544648 3.530145
25.552982 3.521383
25.561317 3.516674
25.569651 3.512859
25.577985 3.504276
25.586320 3.494203
25.594654 3.484249
25.602988 3.478229
25.611323 3.475368
25.619657 3.463745
25.627991 3.461003
25.636325 3.458917
25.644660 3.452778
25.652994 3.448129
25.661328 3.440559
25.669663 3.434956
25.677997 3.418982
25.686331 3.417432
25.694666 3.405273
25.703000 3.405988
25.711334 3.395617
25.719669 3.399014
25.728003 3.388643
25.736337 3.378093
25.744671 3.371000
25.753006 3.366768
25.761340 3.357112
25.769674 3.349602
25.778009 3.346264
25.786343 3.343582
25.794677 3.334939
25.803012 3.332198
25.811346 3.324568
25.819680 3.320515
25.828015 3.323138
25.836349 3.310323
25.844683 3.298879
25.853017 3.291190
25.861352 3.284872
25.869686 3.272772
25.878020 3.269613
25.886355 3.273964
25.894689 3.271282
25.903023 3.268123
25.911358 3.258467
25.919692 3.250599
25.928026 3.235996
25.936360 3.225267
25.944695 3.222823
25.953029 3.221631
25.961363 3.211558
25.969698 3.211021
25.978032 3.206670
25.986366 3.196180
25.994701 3.190160
26.003035 3.185153
26.011369 3.172874
26.019704 3.166735
26.028038 3.160000
26.036372 3.156841
26.044706 3.152132
26.053041 3.153205
26.061375 3.145516
26.069709 3.146350
26.078044 3.140748
26.086378 3.123283
26.094712 3.113449
26.103047 3.098726
26.111381 3.097475
26.119715 3.089547
26.128050 3.083289
26.136384 3.081977
26.144718 3.079474
26.153052 3.076851
26.161387 3.073514
26.169721 3.064036
26.178055 3.046870
26.186390 3.046870
26.194724 3.038585
26.203058 3.036439
26.211393 3.037512
26.219727 3.035247
26.228061 3.023326
26.236396 3.021002
26.244730 3.016353
26.253064 3.008664
26.261398 2.997458
26.269733 2.991974
26.278067 2.985597
26.286401 2.980947
26.294736 2.980411
26.303070 2.975166
26.311404 2.970397
26.319739 2.962947
26.328073 2.954304
26.336407 2.952635
26.344741 2.945244
26.353076 2.933264
26.361410 2.930045
26.369744 2.927184
26.378079 2.920270
26.386413 2.921581
26.394747 2.917051
26.403082 2.905011
26.411416 2.896309
26.419750 2.893329
26.428085 2.885938
26.436419 2.880752
26.444753 2.874851
26.453087 2.870262
26.461422 2.871752
26.469756 2.859354
26.478090 2.854466
26.486425 2.850354
26.494759 2.844632
26.503093 2.840459
26.511428 2.830207
26.519762 2.817750
26.528096 2.808809
26.536431 2.812266
26.544765 2.806723
26.553099 2.803385
26.561433 2.798855
26.569768 2.793014
26.578102 2.786815
26.586436 2.775371
26.594771 2.770245
26.603105 2.764285
26.611439 2.762139
26.619774 2.753615
26.628108 2.750576
26.636442 2.750099
26.644777 2.743483
26.653111 2.738953
26.661445 2.730310
26.669779 2.724349
26.678114 2.715409
26.686448 2.708375
26.694782 2.700329
26.703117 2.696037
26.711451 2.688348
26.719785 2.688468
26.728120 2.684593
26.736454 2.680779
26.744788 2.678216
26.753122 2.670765
26.761457 2.660513
26.769791 2.658606
26.778125 2.651930
26.786460 2.644420
26.794794 2.636790
26.803128 2.634764
26.811463 2.624810
26.819797 2.629697
26.828131 2.623916
26.836466 2.615929
26.844800 2.607584
26.853134 2.603471
26.861468 2.595425
26.869803 2.585530
26.878137 2.579391
26.886471 2.579749
26.894806 2.574325
26.903140 2.572000
26.911474 2.564907
26.919809 2.558649
26.928143 2.554595
26.936477 2.548754
26.944812 2.540171
26.953146 2.531886
26.961480 2.539098
26.969814 2.531707
26.978149 2.520621
26.986483 2.521753
26.994817 2.521694
27.003152 2.511740
27.011486 2.505541
27.019820 2.498329
27.028155 2.495885
27.036489 2.486944
27.044823 2.482831
27.053157 2.479732
27.061492 2.474844
27.069826 2.469182
27.078160 2.460182
27.086495 2.461493
27.094829 2.459705
27.103163 2.442420
27.111498 2.440453
27.119832 2.426744
27.128166 2.427518
27.136501 2.420485
27.144835 2.420962
27.153169 2.415359
27.161503 2.408266
27.169838 2.403259
27.178172 2.400041
27.186506 2.393246
27.194841 2.383769
27.203175 2.377152
27.211509 2.373099
27.219844 2.375126
27.228178 2.366304
27.236512 2.358675
27.244847 2.353072
27.253181 2.346039
27.261515 2.343953
27.269849 2.336144
27.278184 2.336264
27.286518 2.333522
27.294852 2.325118
27.303187 2.322376
27.311521 2.321839
27.319855 2.318978
27.328190 2.310932
27.336524 2.306342
27.344858 2.304912
27.353193 2.290547
27.361527 2.290368
27.369861 2.282441
27.378195 2.283335
27.386530 2.274096
27.394864 2.270281
27.403198 2.262354
27.411533 2.256215
27.419867 2.249539
27.428201 2.245784
27.436536 2.239168
27.444870 2.239048
27.453204 2.228916
27.461538 2.228916
27.469873 2.217233
27.478207 2.216160
27.486541 2.211988
27.494876 2.213299
27.503210 2.211809
27.511544 2.200246
27.519879 2.190828
27.528213 2.187073
27.536547 2.178788
27.544882 2.177298
27.553216 2.170503
27.561550 2.171278
27.569884 2.163410
27.578219 2.160609
27.586553 2.152681
27.594887 2.144575
27.603222 2.138138
27.611556 2.131462
27.619890 2.124906
27.628225 2.122939
27.636559 2.116323
27.644893 2.116323
27.653228 2.106130
27.661562 2.105594
27.669896 2.099991
27.678230 2.088368
27.686565 2.084672
27.694899 2.080560
27.703233 2.073824
27.711568 2.070546
27.719902 2.062380
27.728236 2.064645
27.736571 2.057433
27.744905 2.052069
27.753239 2.052546
27.761574 2.043307
27.769908 2.040923
27.778242 2.027452
27.786576 2.024710
27.794911 2.025783
27.803245 2.031207
27.811579 2.020121
27.819914 2.019346
27.828248 2.009869
27.836582 2.009571
27.844917 2.005041
27.853251 1.992166
27.861585 1.981080
27.869919 1.982689
27.878254 1.973987
27.886588 1.982689
27.894922 1.975000
27.903257 1.965404
27.911591 1.962841
27.919925 1.961350
27.928260 1.954496
27.936594 1.944780
27.944928 1.940370
27.953263 1.929760
27.961597 1.928866
27.969931 1.921654
27.978265 1.923025
27.986600 1.915395
27.994934 1.912653
28.003268 1.910090
28.011603 1.910031
28.019937 1.905859
28.028271 1.898050
28.036606 1.891553
28.044940 1.881123
28.053274 1.878738
28.061609 1.876473
28.069943 1.872241
28.078277 1.871705
28.086611 1.866281
28.094946 1.860857
28.103280 1.851439
28.111614 1.843035
28.119949 1.840353
28.128283 1.835227
28.136617 1.831174
28.144952 1.827538
28.153286 1.826942
28.161620 1.815796
28.169955 1.820087
28.178289 1.811802
28.186623 1.806557
28.194957 1.792014
28.203292 1.795828
28.211626 1.792908
28.219960 1.790702
28.228295 1.781702
28.236629 1.773298
28.244963 1.764834
28.253298 1.771331
28.261632 1.765013
28.269966 1.752019
28.278300 1.747668
28.286635 1.738012
28.294969 1.737773
28.303303 1.735389
28.311638 1.731217
28.319972 1.728833
28.328306 1.725912
28.336641 1.723349
28.344975 1.718819
28.353309 1.716375
28.361644 1.708448
28.369978 1.694679
28.378312 1.688302
28.386646 1.685739
28.394981 1.689315
28.403315 1.688838
28.411649 1.676440
28.419984 1.671672
28.428318 1.672685
28.436652 1.669288
28.444987 1.661837
28.453321 1.655102
28.461655 1.648426
28.469990 1.645148
28.478324 1.642704
28.486658 1.644373
28.494992 1.643300
28.503327 1.635373
28.511661 1.627386
28.519995 1.621008
28.528330 1.619160
28.536664 1.615584
28.544998 1.607358
28.553333 1.605630
28.561667 1.603305
28.570001 1.603603
28.578336 1.593351
28.586670 1.594186
28.595004 1.589596
28.603338 1.584470
28.611673 1.574457
28.620007 1.565516
28.628341 1.568258
28.636676 1.558125
28.645010 1.554489
28.653344 1.551926
28.661679 1.557529
28.670013 1.551628
28.678347 1.542985
28.686681 1.538098
28.695016 1.541078
28.703350 1.530170
28.711684 1.519561
28.720019 1.515925
28.728353 1.516759
28.736687 1.509964
28.745022 1.511633
28.753356 1.505911
28.761690 1.502037
28.770025 1.494706
28.778359 1.487076
28.786693 1.491070
28.795027 1.480639
28.803362 1.476884
28.811696 1.473427
28.820030 1.470745
28.828365 1.472116
28.836699 1.464725
28.845033 1.458049
28.853368 1.451731
28.861702 1.444876
28.870036 1.439154
28.878371 1.434147
28.886705 1.429081
28.895039 1.425683
28.903373 1.423299
28.911708 1.425862
28.920042 1.423419
28.928376 1.413047
28.936711 1.405716
28.945045 1.398623
28.953379 1.389742
28.961714 1.391172
28.970048 1.389205
28.978382 1.389861
28.986717 1.378179
28.995051 1.376987
29.003385 1.367390
29.011719 1.365304
29.020054 1.361251
29.028388 1.360357
29.036722 1.359105
29.045057 1.350343
29.053391 1.345217
29.061725 1.342416
29.070060 1.336515
29.078394 1.338959
29.086728 1.337051
29.095062 1.332521
29.103397 1.329780
29.111731 1.318455
29.120065 1.320183
29.128400 1.317263
29.136734 1.315176
29.145068 1.316428
29.153403 1.310527
29.161737 1.308858
29.170071 1.300037
29.178406 1.305699
29.186740 1.299024
29.195074 1.291931
29.203408 1.287937
29.211743 1.282990
29.220077 1.280248
29.228411 1.274586
29.236746 1.267493
29.245080 1.262724
29.253414 1.256824
29.261749 1.253903
29.270083 1.250923
29.278417 1.248717
29.286752 1.241267
29.295086 1.238525
29.303420 1.237392
29.311754 1.227021
29.320089 1.232564
29.328423 1.226902
29.336757 1.220703
29.345092 1.218438
29.353426 1.210570
29.361760 1.201391
29.370095 1.203299
29.378429 1.198530
29.386763 1.193464
29.395098 1.192570
29.403432 1.191556
29.411766 1.190722
29.420100 1.191914
29.428435 1.186073
29.436769 1.184523
29.445103 1.175404
29.453438 1.168549
29.461772 1.158774
29.470106 1.147628
29.478441 1.152873
29.486775 1.151443
29.495109 1.150072
29.503443 1.141548
29.511778 1.137972
29.520112 1.132488
29.528446 1.127779
29.536781 1.118243
29.545115 1.124203
29.553449 1.118541
29.561784 1.115918
29.570118 1.115024
29.578452 1.111984
29.586787 1.114845
29.595121 1.109838
29.603455 1.099110
29.611789 1.091182
29.620124 1.085341
29.628458 1.085162
29.636792 1.078606
29.645127 1.081645
29.653461 1.080394
29.661795 1.078784
29.670130 1.075804
29.678464 1.069844
29.686798 1.065910
29.695133 1.058817
29.703467 1.052499
29.711801 1.051247
29.720135 1.049519
29.728470 1.043200
29.736804 1.042843
29.745138 1.031995
29.753473 1.028419
29.761807 1.027048
29.770141 1.029193
29.778476 1.020133
29.786810 1.013875
29.795144 1.010358
29.803479 1.002550
29.811813 0.999212
29.820147 0.997484
29.828481 0.998497
29.836816 1.001060
29.845150 0.996113
29.853484 0.989377
29.861819 0.987470
29.870153 0.991940
29.878487 0.979125
29.886822 0.973403
29.895156 0.967801
29.903490 0.972509
29.911824 0.972152
29.920159 0.968874
29.928493 0.962913
29.936827 0.958860
29.945162 0.955343
29.953496 0.950694
29.961830 0.952184
29.970165 0.946641
29.978499 0.935972
29.986833 0.933170
29.995168 0.935614
30.003502 0.932634
30.011836 0.928104
30.020170 0.923455
30.028505 0.918984
30.036839 0.918567
30.045173 0.919580
30.053508 0.915885
30.061842 0.905693
30.070176 0.908852
30.078511 0.905514
30.086845 0.898063
30.095179 0.895858
30.103514 0.891626
30.111848 0.889182
30.120182 0.877857
30.128516 0.881612
30.136851 0.871599
30.145185 0.876248
30.153519 0.870407
30.161854 0.866234
30.170188 0.867486
30.178522 0.862360
30.186857 0.858307
30.195191 0.847459
30.203525 0.854433
30.211859 0.850499
30.220194 0.843048
30.228528 0.841022
30.236862 0.838995
30.245197 0.834525
30.253531 0.834763
30.261865 0.836492
30.270200 0.827551
30.278534 0.824749
30.286868 0.818729
30.295203 0.812173
30.303537 0.812173
30.311871 0.813365
30.320205 0.805259
30.328540 0.801206
30.336874 0.802517
30.345208 0.799954
30.353543 0.796437
30.361877 0.792623
30.370211 0.783384
30.378546 0.781059
30.386880 0.784695
30.395214 0.783026
30.403549 0.775218
30.411883 0.777125
30.420217 0.775397
30.428551 0.771046
30.436886 0.754833
30.445220 0.766158
30.453554 0.759602
30.461889 0.757992
30.470223 0.753999
30.478557 0.747621
30.486892 0.741422
30.495226 0.740051
30.503560 0.740230
30.511895 0.746906
30.520229 0.739574
30.528563 0.734210
30.536897 0.730872
30.545232 0.725150
30.553566 0.724375
30.561900 0.723243
30.570235 0.719726
30.578569 0.712574
30.586903 0.711262
30.595238 0.710487
30.603572 0.707984
30.611906 0.705063
30.620240 0.699461
30.628575 0.697672
30.636909 0.693679
30.645243 0.692487
30.653578 0.694394
30.661912 0.691235
30.670246 0.682652
30.678581 0.684679
30.686915 0.680625
30.695249 0.672102
30.703584 0.665128
30.711918 0.661612
30.720252 0.662804
30.728586 0.659883
30.736921 0.653744
30.745255 0.656247
30.753589 0.646591
30.761924 0.647187
30.770258 0.642180
30.778592 0.637293
30.786927 0.637293
30.795261 0.635445
30.803595 0.633419
30.811930 0.629127
30.820264 0.626147
30.828598 0.626862
30.836932 0.623882
30.845267 0.615835
30.853601 0.615060
30.861935 0.616133
30.870270 0.610709
30.878604 0.606120
30.886938 0.603259
30.895273 0.596166
30.903607 0.600338
30.911941 0.601768
30.920276 0.601649
30.928610 0.596464
30.936944 0.599265
30.945278 0.590861
30.953613 0.581801
30.961947 0.575304
30.970281 0.573218
30.978616 0.569582
30.986950 0.569284
30.995284 0.569403
31.003619 0.565529
31.011953 0.567138
31.020287 0.557184
31.028621 0.550330
31.036956 0.548244
31.045290 0.544667
31.053624 0.547349
31.061959 0.544965
31.070293 0.539601
31.078627 0.540376
31.086962 0.540018
31.095296 0.535429
31.103630 0.537932
31.111965 0.530779
31.120299 0.527084
31.128633 0.525892
31.136967 0.520170
31.145302 0.522077
31.153636 0.511229
31.161970 0.512302
31.170305 0.509560
31.178639 0.508070
31.186973 0.506282
31.195308 0.506043
31.203642 0.506341
31.211976 0.496268
31.220311 0.483513
31.228645 0.485718
31.236979 0.485003
31.245313 0.487804
31.253648 0.488162
31.261982 0.478685
31.270316 0.477791
31.278651 0.470936
31.286985 0.472009
31.295319 0.469029
31.303654 0.467658
31.311988 0.461221
31.320322 0.457048
31.328657 0.459373
31.336991 0.455081
31.345325 0.457346
31.353659 0.449359
31.361994 0.452936
31.370328 0.448883
31.378662 0.445604
31.386997 0.442922
31.395331 0.442624
31.403665 0.440419
31.412000 0.438452
31.420334 0.440419
31.428668 0.431299
31.437002 0.428379
31.445337 0.425637
31.453671 0.427186
31.462005 0.423610
31.470340 0.421405
31.478674 0.414073
31.487008 0.411689
31.495343 0.403404
31.503677 0.403464
31.512011 0.397146
31.520346 0.400126
31.528680 0.407636
31.537014 0.398457
31.545348 0.399530
31.553683 0.392973
31.562017 0.388503
31.570351 0.388622
31.578686 0.384331
31.587020 0.382960
31.595354 0.382960
31.603689 0.378191
31.612023 0.380158
31.620357 0.374198
31.628692 0.371516
31.637026 0.367403
31.645360 0.365794
31.653694 0.369966
31.662029 0.367761
31.670363 0.367463
31.678697 0.366449
31.687032 0.364125
31.695366 0.360906
31.703700 0.355065
31.712035 0.355542
31.720369 0.352263
31.728703 0.345707
31.737038 0.344872
31.745372 0.342786
31.753706 0.343025
31.762040 0.337958
31.770375 0.334382
31.778709 0.338554
31.787043 0.331283
31.795378 0.323653
31.803712 0.322521
31.812046 0.325799
31.820381 0.324667
31.828715 0.321269
31.837049 0.322700
31.845383 0.319242
31.853718 0.319004
31.862052 0.317991
31.870386 0.307679
31.878721 0.317693
31.887055 0.312686
31.895389 0.301838
31.903724 0.299931
31.912058 0.295818
31.920392 0.288606
31.928727 0.296474
31.937061 0.294387
31.945395 0.290394
31.953729 0.290930
31.962064 0.294387
31.970398 0.289440
31.978732 0.290871
31.987067 0.286818
31.995401 0.275612
32.003735 0.285923
32.012070 0.282824
32.020404 0.283718
32.028738 0.287712
32.037073 0.282824
32.045407 0.273585
32.053741 0.269949
32.062075 0.269175
32.070410 0.268340
32.078744 0.266433
32.087078 0.262797
32.095413 0.261009
32.103747 0.257790
32.112081 0.257850
32.120416 0.259697
32.128750 0.251770
32.137084 0.248969
32.145419 0.252962
32.153753 0.245273
32.162087 0.240505
32.170421 0.246286
32.178756 0.241518
32.187090 0.241399
32.195424 0.239372
32.203759 0.230670
32.212093 0.228405
32.220427 0.221610
32.228762 0.233054
32.237096 0.226617
32.245430 0.229895
32.253764 0.222802
32.262099 0.221074
32.270433 0.217199
32.278767 0.219047
32.287102 0.214219
32.295436 0.213325
32.303770 0.213802
32.312105 0.208616
32.320439 0.208795
32.328773 0.207543
32.337108 0.204206
32.345442 0.203371
32.353776 0.198066
32.362110 0.203311
32.370445 0.200570
32.378779 0.198126
32.387113 0.191748
32.395448 0.191033
32.403782 0.198066
32.412116 0.185609
32.420451 0.184298
32.428785 0.181019
32.437119 0.179350
32.445454 0.176430
32.453788 0.175059
32.462122 0.163436
32.470456 0.169635
32.478791 0.172794
32.487125 0.169814
32.495459 0.167787
32.503794 0.169635
32.512128 0.170588
32.520462 0.170588
32.528797 0.169814
32.537131 0.168145
32.545465 0.156939
32.553800 0.153244
32.562134 0.156879
32.570468 0.154197
32.578802 0.153363
32.587137 0.150740
32.595471 0.149012
32.603805 0.146627
